914600949543235665
914596839624429650
917829707649658951
917851702810509373
917851985435312128
917878491603669042
917944005155766293
917944088005869618
917962359639781468
917962645951352915
917962708576501801
917962797852278858
918176985426063381
918232663234576475
918252023248486410
918275313530712064
918370294211686480
918530434248372244
918533057710030868
918689192349954058
918728300984152085
918754628278046790
918886508243603517
918886757674668042
918886678809169960
918886567521714226
919047780377444362
919048774272290826
919048869755629638
919119357446082560
919119494889242624
919135069749256222
919135103681200158
